
 100
 100
 600
 600
 100
 100
 600
 600
 101
 101
 600
 600
 102
 101
 601
 600
 103
 101
 601
 600
 105
 100
 602
 600
 105
 98
 602
 599
 105
 95
 602
 597
 104
 93
 602
 596
 102
 91
 601
 595
 100
 90
 600
 595
 96
 89
 598
 594
 92
 90
 596
 595
 89
 92
 594
 596
 86
 95
 593
 597
 85
 101
 592
 600
 85
 105
 592
 602
 87
 111
 593
 605
 91
 115
 595
 607
 99
 118
 599
 609
 100
 120
 600
 610
 106
 119
 603
 609
 112
 117
 606
 608
 118
 113
 609
 606
 122
 107
 611
 603
 124
 100
 612
 600
 124
 91
 612
 595
 121
 84
 610
 592
 116
 77
 608
 588
 109
 72
 604
 586
 100
 70
 600
 585
 90
 70
 595
 585
 81
 74
 590
 587
 73
 80
 586
 590
 67
 89
 583
 594
 65
 104
 582
 602
 66
 113
 583
 606
 72
 124
 586
 612
 82
 133
 591
 616
 99
 138
 599
 619
 100
 140
 600
 620
 112
 138
 606
 619
 124
 133
 612
 616
 134
 125
 617
 612
 141
 113
 620
 606
 144
 100
 622
 600
 143
 85
 621
 592
 138
 72
 619
 586
 128
 61
 614
 580
 115
 53
 607
 576
 100
 50
 600
 575
 84
 51
 592
 575
 69
 57
 584
 578
 57
 68
 578
 584
 48
 82
 574
 591
 45
 107
 572
 603
 47
 120
 573
 610
 57
 137
 578
 618
 73
 151
 586
 625
 98
 158
 599
 629
 100
 160
 600
 630
 118
 158
 609
 629
 136
 150
 618
 625
 150
 137
 625
 618
 160
 119
 630
 609
 164
 100
 632
 600
 162
 79
 631
 589
 154
 60
 627
 580
 140
 45
 620
 572
 121
 34
 610
 567
 100
 30
 600
 565
 78
 32
 589
 566
 57
 41
 578
 570
 41
 56
 570
 578
 29
 76
 564
 588
 25
 109
 562
 604
 29
 128
 564
 614
 41
 150
 570
 625
 64
 169
 582
 634
 98
 178
 599
 639
 100
 180
 600
 640
 125
 177
 612
 638
 148
 166
 624
 633
 167
 148
 633
 624
 179
 126
 639
 613
 184
 100
 642
 600
 181
 73
 640
 586
 170
 48
 635
 574
 151
 28
 625
 564
 127
 15
 613
 557
 100
 10
 600
 555
 72
 13
 586
 556
 46
 25
 573
 562
 24
 45
 562
 572
 10
 69
 555
 584
 5
 112
 552
 606
 10
 135
 555
 617
 26
 163
 563
 631
 55
 187
 577
 643
 97
 198
 598
 649
 100
 200
 600
 650
 131
 196
 615
 648
 159
 182
 629
 641
 183
 160
 641
 630
 198
 132
 649
 616
 204
 100
 652
 600
 200
 67
 650
 583
 186
 37
 643
 568
 163
 12
 631
 556
 133
 -3
 616
 548
 100
 -9
 600
 545
 65
 -5
 582
 547
 34
 9
 567
 554
 8
 33
 554
 566
 -7
 63
 546
 581
 -13
 115
 543
 607
 -7
 142
 546
 621
 11
 176
 555
 638
 45
 204
 572
 652
 97
 218
 598
 659
 100
 220
 600
 660
